function [CN_A] = CoordinationNumbers_CN()

CN_A =     [0.9118	0	0	0	 0.0000;
    0.0000	0	0	0	 0.0000;
    0.0000	0.9865	0	0	 0.0000;
    0.0000	0.9808	1.9697	0	 0.0000;
    0.0000	0.9706	1.9441	2.9128	 4.5856;
    0.0000	0.9868	1.9985	2.9987	 3.9844;
    0.0000	0.9944	2.0143	2.9903	 0.0000;
    0.0000	0.9925	1.9887	0	 0.0000;
    0.0000	0.9982	0	0	 0.0000;
    0.0000	0	0	0	 0.0000;
    0.0000	0.9684	0	0	 0.0000;
    0.0000	0.9628	1.9496	0	 0.0000;
    0.0000	0.9648	1.9311	2.9146	 0.0000;
    0.0000	0.9507	1.9435	2.9407	 3.8677;
    0.0000	0.9947	2.0102	2.9859	 0.0000;
    0.0000	0.9948	1.9903	0	 0.0000;
    0.0000	0.9972	0	0	 0.0000;
    0.0000	0	0	0	 0.0000;
    0.0000	0.9767	0	0	 0.0000;
    0.0000	0.9831	1.9349	0	 0.0000;
    0.0000	1.8627	2.8999	0	 0.0000;
    0.0000	1.8299	3.8675	0	 0.0000;
    0.0000	1.9138	2.911	0	 0.0000;
    0.0000	1.8269	10.6191	0	 0.0000;
    0.0000	1.6406	9.8849	0	 0.0000;
    0.0000	1.6483	9.1376	0	 0.0000;
    0.0000	1.7149	2.9263	7.7785	 0.0000;
    0.0000	1.7937	6.5458	6.2918	 0.0000;
    0.0000	0.9576	0	0	 0.0000;
    0.0000	1.9419	0	0	 0.0000;
    0.0000	0.9601	1.9315	2.9233	 0.0000;
    0.0000	0.9434	1.9447	2.9186	 3.8972;
    0.0000	0.9889	1.9793	2.9709	 0.0000;
    0.0000	0.9901	1.9812	0	 0.0000;
    0.0000	0.9974	0	0	 0.0000;
    0.0000	0	0	0	 0.0000;
    0.0000	0.9738	0	0	 0.0000;
    0.0000	0.9801	1.9143	0	 0.0000;
    0.0000	1.9153	2.8903	0	 0.0000;
    0.0000	1.9355	3.9106	0	 0.0000;
    0.0000	1.9545	2.9225	0	 0.0000;
    0.0000	1.942	11.0556	0	 0.0000;
    0.0000	1.6682	9.5402	0	 0.0000;
    0.0000	1.8584	8.8895	0	 0.0000;
    0.0000	1.9003	2.9696	0	 0.0000;
    0.0000	1.863	5.7095	0	 0.0000;
    0.0000	0.9679	0	0	 0.0000;
    0.0000	1.9539	0	0	 0.0000;
    0.0000	0.9633	1.9378	2.9353	 0.0000;
    0.0000	0.9514	1.9505	2.9259	 3.9123;
    0.0000	0.9749	1.9523	2.9315	 0.0000;
    0.0000	0.9811	1.9639	0	 0.0000;
    0.0000	0.9968	0	0	 0.0000;
    0.0000	0	0	0	 0.0000;
    0.0000	0.9909	0	0	 0.0000;
    0.0000	0.9797	1.8467	0	 0.0000;
    0.0000	1.9373	2.9175	0	 0.0000;
    2.7991	0	0	0	 0.0000;
    0.0000	2.9425	0	0	 0.0000;
    0.0000	2.9455	0	0	 0.0000;
    0.0000	2.9413	0	0	 0.0000;
    0.0000	2.93	0	0	 0.0000;
    0.0000	1.8286	0	0	 0.0000;
    0.0000	2.8732	0	0	 0.0000;
    0.0000	2.9086	0	0	 0.0000;
    0.0000	2.8965	0	0	 0.0000;
    0.0000	2.9242	0	0	 0.0000;
    0.0000	2.9282	0	0	 0.0000;
    0.0000	2.9246	0	0	 0.0000;
    0.0000	2.8482	0	0	 0.0000;
    0.0000	2.9219	0	0	 0.0000;
    0.0000	1.9254	3.884	0	 0.0000;
    0.0000	1.9459	2.8988	0	 0.0000;
    0.0000	1.9292	10.9153	0	 0.0000;
    0.0000	1.8104	9.8054	0	 0.0000;
    0.0000	1.8858	9.1527	0	 0.0000;
    0.0000	1.8648	2.9424	0	 0.0000;
    0.0000	1.9188	6.6669	0	 0.0000;
    0.0000	0.9846	0	0	 0.0000;
    0.0000	1.9896	0	0	 0.0000;
    0.0000	0.9267	1.9302	2.942	 0.0000;
    0.0000	0.9383	1.9356	2.9081	 3.9098;
    0.0000	0.982	1.9655	2.95	 0.0000;
    0.0000	0.9815	1.9639	0	 0.0000;
    0.0000	0.9954	0	0	 0.0000;
    0.0000	0	0	0	 0.0000;
    0.0000	0.9705	0	0	 0.0000;
    0.0000	0.9662	1.8075	0	 0.0000;
    0.0000	2.907	0	0	 0.0000;
    0.0000	2.8844	0	0	 0.0000;
    0.0000	2.8738	0	0	 0.0000;
    0.0000	2.8878	0	0	 0.0000;
    0.0000	2.9095	0	0	 0.0000;
    0.0000	1.9209	0	0	 0.0000;
    ];
				
